550768
262158
673299
354661
390004
350676
818846
557375
408422
127374
986243
585380
357815
616141
773726
58405
551706
217679
826144
689480
326528
270368
694064
743696
643405
277855
819258
975532
102381
558708
706703
349612
180159
95036
963247
998671
301480
338247
366987
747738
355887
819371
993010
262521
370880
292241
207856
946739
449625
772450
145574
927017
284073
556352
437342
65184
915814
812809
750313
885931
196402
628811
434277
911043
474281
137661
795011
914031
210870
358232
727065
605622
961603
735148
54028
126753
38431
775375
510936
636464
945262
324423
797140
852220
513191
226699
900204
420863
409592
842140
579118
642930
413416
568481
852536
96486
505259
385356
287047
118855
21852
827754
791567
613392
788855
803461
415855
677435
543644
796336
31561
145597
917454
84855
7088
550626
273001
346591
269326
667361
990122
921257
855038
820198
247445
995052
933762
467571
66046
839665
297292
579799
363704
963647
834583
907836
581515
725422
847610
422225
315967
894408
117800
849335
850915
396029
696056
393485
630060
396384
307303
492564
908933
472439
774672
338142
877487
49404
703629
225134
441657
631101
659966
924573
131148
465964
655852
584847
746239
293210
324132
535226
12894
244304
952161
486465
367174
481858
553207
119133
625269
127885
6166
953247
275149
874116
619647
852645
44170
199891
794294
206549
20181
334827
688713
721382
231171
388617
959503
541993
721941
355428
164250
454784
362260
648688
116785
13394
494599
279998
971186
239394
797156
978693
539620
306324
214700
348782
803265
97334
512601
440278
194195
990571
818858
351823
455558
853185
870325
177355
993132
736455
362708
365360
970401
606302
648991
451961
435692
708270
47328
898828
127799
695171
589364
501608
297762
54314
610687
548559
978395
614195
382770
445971
305794
834584
882910
834613
532963
310849
603385
392517
942352
888380
382155
509470
353231
389247
679954
919129
691590
829008
905223
159286
515463
582518
577804
77858
690823
913214
998654
466134
792999
53029
700931
626559
651602
131130
806342
424136
367709
915044
805157
443542
388564
333648
932761
248280
829702
906547
758987
995139
187268
777774
454204
65973
269570
423485
188849
394146
980694
342643
924458
973370
821478
613433
199151
85698
146923
146435
52323
682156
977359
185658
105610
466687
620826
644276
212860
661332
37691
739275
834395
356109
743017
326637
591807
297821
546555
494524
688111
383274
995347
835538
430786
877388
35431
54813
81894
956262
303379
53215
209558
363274
191685
422595
767777
417115
15231
919481
346421
424877
764269
956382
995974
993507
226784
163350
368131
763679
579252
181203
513134
814486
208258
247795
820336
561100
413362
692168
848568
757164
416131
326928
759477
446219
515797
154998
672266
779241
964115
433112
31224
794716
117791
620342
403033
44163
427830
143159
744954
571120
890089
166980
900288
167106
177875
361105
533032
953532
934064
1239
243983
934655
480430
580246
552312
349882
518383
611401
743861
229713
422896
869389
890554
955187
779222
648253
662994
743761
182623
99892
130921
654266
258142
447760
696690
358754
445388
671929
170411
312393
351583
841327
440620
705065
55372
260911
85890
567093
209545
63102
833580
33445
693357
319696
761007
509059
142819
918147
407122
20254
986888
475767
579100
260781
986015
130143
115199
221781
705573
170294
771081
282832
633896
487987
700498
687709
718597
554127
292531
990974
798403
749631
939114
883083
663178
687561
655135
955332
376282
227601
392608
446909
434523
756008
999964
603674
639951
28526
533936
467003
10681
115368
343834
947275
893391
372385
226449
715952
567906
774680
473736
995550
400284
767044
702551
299445
643869
254786
431655
3785
289450
586836
239432
175675
259289
274001
947
28128
531276
35568
370043
415966
424551
229522
55296
371099
87060
272467
133962
80577
896642
698347
964369
99939
302409
257532
972485
617189
910745
617700
340737
807633
974847
198888
821327
181430
927084
585009
200880
68578
97043
718809
468062
662920
466716
146829
755840
445443
524733
36132
501567
147303
31186
265585
326864
75963
475457
743695
426207
703514
785332
507301
899436
636011
218682
825395
401057
43775
337246
26614
481024
7689
631095
957555
894319
10298
725118
301649
801653
30541
528866
135018
436688
384092
425934
96351
196519
161410
589880
315598
130777
427719
496609
747302
112636
663010
681176
776328
596371
811634
656892
393079
491579
544657
735516
557491
452437
740971
734631
384688
736172
498426
522388
954253
756981
834693
740277
804022
915478
61226
679273
204373
705828
650428
249029
702404
239644
365105
292495
134015
74093
526944
382010
219478
976803
647352
825931
217587
640024
206315
348981
682567
846390
354874
474352
4536
676176
867958
746573
553103
592126
378677
145637
733069
227945
172629
511751
779983
86756
539037
202184
972812
893253
995943
601651
6781
82908
168572
271935
860050
957251
496455
910378
588832
468860
96298
79495
999903
535711
419768
114987
363748
909929
217995
801086
168289
472066
816195
250508
592973
308444
776714
954307
225838
819669
197585
783653
208037
829582
868522
398670
862044
631192
92990
30579
537943
389716
816806
306330
156353
786419
582078
564484
543496
11255
29877
567661
776110
483494
818021
290106
791671
542560
37279
30351
519749
653752
339255
167245
16460
10870
411550
575249
806690
57166
490651
889798
973875
555331
131576
472344
282560
492308
577080
573508
276718
671349
11710
131284
710748
238906
485697
899626
463863
341393
501659
165981
978383
338515
966275
342155
403790
70838
560773
555704
299515
52613
338062
118943
303869
359211
548210
672175
328300
996289
608645
665969
879413
320885
262334
43145
969948
523901
1228
57138
184446
238965
366743
452039
491638
585700
23447
104346
496028
960173
768056
12179
55086
149767
483404
863692
289949
107116
21214
927025
843354
946316
554383
82899
186038
926492
427388
697372
27230
786925
111787
426241
949602
928285
35648
707295
560781
834283
950700
833487
603773
131349
290183
878409
6152
589967
362163
510737
168217
985656
775422
607270
810296
839380
474763
957643
76853
362332
369793
958082
917201
710387
515101
567704
297889
557307
285120
380767
851660
93889
730692
16800
320716
583555
417848
890806
129117
132086
519710
14680
717862
466325
426160
426494
882266
220906
324668
708348
325859
350568
353144
936548
187031
309752
315460
840348
753966
481965
460220
745561
94501
825305
471817
746386
960848
225173
208608
402538
674812
567021
782308
997464
146970
718431
819166
20396
877325
31657
172955
628808
728321
324446
406526
769444
107896
22074
261141
811499
62001
561312
777633
855779
463471
930827
101958
291642
616263
472512
16931
840211
515807
367217
877216
239049
801922
969728
890206
216633
875331
933352
678028
171297
984507
722580
406950
442615
3777
334745
185256
844442
166830
651351
983773
181855
608166
211474
746630
140125
910763
666066
383062
771950
483219
866650
932383
430133
517533
927318
297697
759265
60051
663281
250446
52112
693765
474364
942335
715279
747834
95509
982943
604869
505164
136348
506348
872383
85764
670353
711529
449630
487893
195448
392193
352890
14357
169427
463335
148337
757443
82349
403662
522721
953869
352463
401240
660261
149519
265625
2669
170379
802449
197317
288885
87689
256596
826531
677069
28264
5267
347741
181876
456343
772373
54230
510713
980059
466863
293752
477711
271774
333413
526819
301598
170454
701530
303045
446975
671780
25625
273024
697174
696250
804309
63225
276671
571128
674206
336965
314580
30835
555241
875332
155506
862506
938301
245390
763290
715332
302267
491311
112787
298356
184671
696917
454148
694389
557489
556184
309840
612963
980395
876184
545940
765208
73872
168120
530844
695787
226103
6783
337598
943588
171735
209221
303219
459719
484097
769949
288508
788781
115878
418701
923033
92177
186430
693815
665698
286751
618057
330292
746264
395070
464490
205635
972631
561601
553479
332769
9770
317091
175608
406211
7614
742160
176402
678532
624214
776221
974831
546274
893280
420629
191781
837918
459635
445814
539402
322892
54917
567879
316597
332943
814411
361321
646246
910782
76857
645971
706920
825736
464503
424153
820588
5593
432688
124822
445643
867347
640713
715618
837354
207665
174140
855313
266320
691905
10353
700768
839617
588830
800148
823776
337812
713859
606231
971947
418277
162068
152577
125795
845823
348371
753974
27583
799201
378204
738759
841090
810387
774838
107759
58196
656325
117919
577580
837782
90875
272278
819646
955399
75767
69352
948412
694637
706043
911800
726070
963599
796155
772862
42582
106359
878598
740289
568897
332702
160581
303058
171747
686736
26804
619000
646332
436231
517723
199477
955346
86721
785784
50769
595366
835242
240587
245709
5658
174757
521503
166381
727289
590625
273849
183805
963674
697058
903572
522444
87310
315351
695089
457586
480258
529189
333028
126007
37012
753746
293255
621274
580730
678825
646714
390448
793430
993879
152938
224596
501842
38467
477837
353458
472599
796237
797382
347866
896046
571541
795722
994169
879044
447845
610351
620654
305133
693487
356053
96620
536356
822126
255855
757865
529024
931618
563678
542803
120050
948607
445600
175534
453976
740826
495686
569945
827370
68336
205415
510715
346576
6660
312860
265053
385096
980419
369235
986984
763087
553913
196917
321906
302433
382753
591569
386034
281911
289915
855376
570489
666340
835790
475710
656787
559006
514771
329470
338966
129780
811934
190648
211890
406192
770540
892253
273288
967668
949137
354507
69828
48255
82831
927858
199350
981908
321669
470103
656733
9512
560305
786449
768613
512760
813533
718928
107018
815272
339889
442536
244790
733776
119735
727368
69326
945357
105652
783932
995076
786946
934830
568705
131945
226993
772184
911243
221230
289671
838901
156690
581813
676149
139456
74297
184585
361791
24285
952633
78504
607516
31788
720969
423952
829787
136111
393446
605237
294688
134350
396665
830510
21514
686069
867970
566986
608426
530107
521606
706937
681898
171724
549591
771841
444204
620392
161835
919569
675834
497327
952147
904108
308043
438704
247070
702237
529590
865764
237913
405300
690622
550128
81695
617901
613853
705586
771360
947217
485546
83565
838337
186380
107213
994613
169041
7333
618247
147539
577090
846408
75585
77157
836263
340583
86992
795131
16854
775232
568247
161730
931041
495866
799476
420499
568358
153732
823716
862853
479380
351354
878175
151015
535833
201338
535574
276001
918561
228705
721223
665987
735054
573209
934783
591820
456669
782466
742602
469326
461452
630025
297387
285465
705731
72635
10172
818782
307254
666094
367191
107726
416395
453990
256764
232004
206134
22450
183609
665185
651802
592187
284482
717248
613335
189382
517986
825327
892907
709660
409421
915266
426711
463876
534127
963028
67391
196367
246361
564656
779918
619682
495654
330842
373259
646522
511024
790154
394422
208731
465949
998192
66921
329715
603240
323792
75055
316126
165805
631964
915515
373167
792413
462013
955951
382703
204093
396797
130769
279408
249476
175774
841949
342560
341762
351518
428277
238594
430186
664903
186152
336933
617202
401162
261441
507895
538945
590386
690393
796822
326407
479466
965657
122917
765917
683288
781721
797589
750732
88051
68430
308472
281733
645509
439275
257863
38145
282151
686164
459139
764053
238558
681722
453430
374171
886087
879490
664577
629948
442088
468995
489875
489147
122721
308471
310543
485020
334937
9888
540823
149677
91821
559508
506765
284804
52973
483810
229736
932849
565887
939061
30557
146978
729397
883003
55654
93835
541598
711483
366205
523402
954374
455265
793514
553218
144670
639866
721184
211281
682444
93112
851315
62547
166308
991392
776087
995087
259582
324121
408372
996604
676131
519167
915017
40798
725896
458637
792730
419397
848343
55769
927135
614457
586309
681672
953524
722453
217487
37167
317338
450222
992451
655186
786299
968657
417401
899875
790980
489138
148384
236361
903664
804945
506468
692476
801830
369669
945872
534327
827578
536013
383881
375812
109548
308231
621675
799713
100753
144439
721827
455417
613344
712752
259893
443075
258433
97505
929449
81986
981687
309435
198429
466277
255476
404645
924405
77624
596381
264236
355061
399426
566183
693866
578823
666141
849339
244642
288607
655921
964292
530467
183121
777869
34136
470176
968945
110406
578794
185018
3838
217754
883978
590653
713598
883902
594766
791395
173136
389233
496822
214468
195950
863639
491018
277765
536112
637783
927183
611735
454527
960231
903493
419773
94886
301966
233810
388508
808488
320783
412633
951493
266730
791416
393406
174513
393486
934375
789926
802270
686169
315679
254352
250723
631825
111214
7477
161858
326901
188861
900826
261630
500430
695500
760971
534454
582195
21391
577507
141476
609082
528114
282826
605024
665742
303066
289524
986249
659011
535669
960808
219922
792220
137951
690768
418272
616515
833409
867228
27913
184589
139763
159885
973645
374622
95928
437992
557134
772652
110951
616634
400738
325276
203992
829794
150294
50639
464349
525106
245580
799938
907586
64742
247464
451764
586500
657786
15044
702146
723804
703926
546819
827526
113351
490595
295910
901089
866564
271178
935695
100950
779092
274587
875022
362359
603275
843701
716993
150251
16073
27956
27276
573653
304600
699771
237029
146775
316316
578950
22714
823329
572914
626334
857203
183548
870790
983731
909651
968334
184257
87205
29194
425175
926494
502387
334380
338737
397700
366799
844226
215324
8549
600404
595227
875889
600759
957239
227566
841736
17173
883995
1420
195386
311758
750215
729762
248848
216788
740775
47932
431577
975440
573855
172658
251530
796081
360050
494087
144309
135392
127705
727
55944
648212
157571
140880
564791
851984
35709
957732
430309
93277
809107
537220
966799
241960
17849
233865
24513
730934
651330
902312
459660
58464
293795
894857
593512
338970
500521
417814
648267
606454
158898
259460
619223
856096
697080
969651
533497
970358
935199
272960
945979
524865
85845
866091
220642
580106
29193
747685
74895
396517
845855
147425
132595
848689
319804
686359
419224
489720
572794
688502
517409
379181
252630
665476
481260
439579
982023
66501
547178
200481
615699
552515
433902
255910
484615
100796
364843
629586
31945
52417
273082
906945
402534
584861
851500
657641
406012
912422
483306
548501
16165
528546
948736
620060
722625
642024
907368
780654
830966
454699
95250
473361
458836
811488
426475
583329
180480
490272
96887
591006
697469
164526
457194
978852
723808
48229
649550
378762
990762
436772
933373
573215
229627
711266
897144
621359
798484
61619
121697
935713
957955
67521
736659
67322
418529
357122
547450
995557
579438
66981
759486
732945
837404
876288
647310
420515
158121
339325
461977
561975
89549
510794
156164
340075
170666
601140
710817
640555
522119
491294
737200
532981
897759
215932
565634
177406
497401
916335
992583
320305
298450
441664
714837
636850
761372
548499
446524
166591
639392
347662
868168
61002
63443
883909
652812
273018
524275
312122
310963
896889
913558
323553
939259
593001
950242
704734
371060
876592
202946
761710
723728
94936
556382
7467
293884
427121
254132
695401
868686
897859
592017
948231
986355
416423
351512
479705
330822
114128
489848
972533
290807
258135
608583
798556
781548
693037
165612
457062
737839
917781
336946
781278
584810
114552
752088
700424
320576
777941
602900
345892
264706
250599
403148
48912
406154
740327
461254
502458
504085
565501
761182
451388
169277
121640
370350
480702
742929
387075
146181
988256
124521
733399
188465
754202
679656
230634
320062
449364
668637
896131
790836
487837
679809
886017
393850
476380
189931
496563
122017
498080
576973
455939
718792
882681
868997
551511
404349
823862
666101
324281
502682
706563
638054
360468
139376
565577
517746
621248
63692
926606
758692
887627
815790
579695
798828
653086
464160
782274
312613
487384
943429
225207
579403
140123
979798
144512
323448
154612
733407
85508
303032
623270
342230
788493
357407
259104
777339
557422
55026
742434
621169
494875
422620
201251
419839
218339
955524
146013
790471
616520
444223
114588
962797
936822
526366
237790
619830
12785
429613
736907
321452
288961
393987
422038
492356
887729
209702
690613
638352
971303
7395
983222
107838
371536
143842
161224
555540
112982
46271
878054
827680
301153
840923
860161
339260
225944
469138
436628
101439
31124
733690
775953
801296
22007
65627
559415
48385
86541
511342
213579
511367
201517
995362
274902
188603
247974
966795
590462
481146
80960
247346
538051
719335
28463
775202
173231
254022
197811
832511
627436
216435
367953
734481
592266
426274
2049
684333
246214
824620
411259
670760
931948
244862
290817
743217
17769
520853
862918
17284
229446
362565
630764
358350
948994
95704
480784
166204
926498
298361
20574
442176
681999
958795
820213
766971
648990
349902
387778
613635
562979
390729
468081
429019
690884
103942
483056
327936
348213
522544
206697
310481
7855
268764
901792
765038
912344
770963
513040
608035
699973
743717
839823
362936
676035
121167
522343
260482
794912
11276
364410
376658
397531
338645
190606
721018
541700
351836
139936
276251
140722
339396
590400
73078
915987
368019
798504
281232
88819
977220
631085
247856
754053
995287
788042
579156
976002
7706
331478
421722
595638
581010
988917
556703
729660
970242
405116
963320
859993
390285
261687
315851
209151
300989
144410
236571
165449
438893
737223
847080
12837
817724
309835
803939
452880
908380
901785
526638
311947
961879
783428
135322
960649
208997
36291
485782
745109
271276
161362
250022
622066
271198
202272
323772
521921
381077
823157
644411
395689
293157
158052
71326
865353
20930
94450
599040
842369
991723
745139
398010
717360
492302
565421
296432
963688
558213
539373
538989
804876
911854
868720
504317
757422
73723
214358
523876
889003
20214
973923
269384
998553
151289
524566
851778
867357
19430
287634
649541
412031
148475
433841
886650
368296
726516
107672
647418
254527
228959
804491
686506
152096
393184
640660
652041
752093
395471
863930
359973
776275
957180
630047
175402
136770
96674
722202
19793
447383
579015
766498
410938
482190
401702
940231
574221
285466
786869
54915
203507
743895
934978
932919
107577
955626
853244
542821
528245
812750
86541
814424
288787
335311
119770
798240
829878
404812
29633
928350
687666
390791
785199
703873
264389
907670
697511
141035
958673
950751
589328
709066
966336
452080
41201
900043
736108
115970
129062
755313
487504
748369
654165
439003
713553
471694
18395
993144
390364
538183
801682
880557
109622
801047
886993
773935
601465
90087
120629
862717
225656
906851
656035
421661
963825
359655
718648
258012
52447
535733
590580
7124
303599
950002
154390
215220
531288
308593
740432
532977
657363
177457
124921
638688
481734
595905
543244
135781
311947
76367
987099
637583
409596
22036
150096
600543
572992
16281
32026
93421
561515
265310
761330
602056
192789
413071
971223
914072
829370
737434
750079
384154
239291
623573
878637
299946
678105
437648
920509
106966
821584
467051
919982
861201
750134
866773
101403
410204
221192
571526
377276
37744
882988
454148
820786
731859
904569
144791
287376
584844
936311
48944
827143
94546
638013
994562
918293
33596
866065
447678
578846
885754
990667
356793
664593
776522
843394
510598
432310
479839
763426
179055
579127
649875
772399
236573
471606
754664
610493
72958
789772
513433
42978
120449
317464
430669
466219
349614
628371
179144
357568
180172
451001
549305
531888
841197
520128
271125
772839
677414
592251
152028
979854
795744
43535
146472
663083
170785
576612
680409
416659
668881
599873
145609
66913
634137
973944
875272
889368
986817
727839
368458
960934
302799
756540
162104
501047
593121
228213
191174
384996
628530
611712
573971
60412
868780
429734
229714
851601
2664
958950
188018
455863
961604
255761
831511
691366
902652
614863
456575
706272
272030
568221
50140
237224
65141
165026
864717
346036
736188
592228
941955
264311
781254
429612
233281
964190
94202
679050
226914
283314
941349
877268
358643
122911
376261
834260
246691
138244
843509
569950
954378
531454
837255
376683
490553
64817
127039
460796
316029
726224
23622
831688
521637
755783
573983
628002
312928
238892
15080
726868
234727
694556
121067
761205
65981
951462
780996
932953
504623
242323
940123
225946
16788
770050
926161
130675
364430
692693
281849
224110
545890
381892
519779
292555
428442
506586
723872
971310
260572
85070
424274
26663
564061
984098
193730
714523
313681
91574
96339
174376
995868
402543
264422
153475
751468
184678
344411
257596
695290
452647
237434
305347
471665
329741
866993
268339
408939
251971
794942
497182
423596
978209
496894
64280
40327
257019
815738
29773
305339
868154
404067
860934
447203
748574
480555
686786
706397
860359
476255
312359
621060
777712
564735
748000
816824
727393
940304
948572
37867
426297
295776
779244
451009
782518
432429
282031
773529
302743
180307
705038
114056
509490
928379
338987
201412
70844
46378
63264
274215
543007
779451
209550
50058
707807
445537
904381
605160
149797
634213
600089
528656
301396
634903
841900
690266
382526
670822
453787
741478
200926
894175
994808
57443
669093
759268
503797
265133
444421
246087
151987
498089
560295
692944
307594
511274
799908
302534
582519
859211
981377
835082
561024
751954
142151
597718
562130
397666
967152
314961
742208
798337
803166
744291
239541
169065
558252
104658
129865
629132
395144
311294
972112
894099
19924
611225
368679
721057
817010
935568
778353
949857
825935
742486
546792
10996
345463
920439
440405
562497
937839
857328
952041
935928
98203
9567
493382
940948
564300
731107
115035
530211
113271
389101
479261
117286
223147
144348
980788
461341
502383
857575
911655
958919
209729
800507
797314
233269
45363
910009
87428
436162
439987
760976
780372
769599
116333
238423
730792
595085
321542
57438
54401
485701
285785
652839
740766
902971
905043
679545
974916
881960
655405
487850
297775
469699
106307
677738
445454
720917
216638
806584
444757
574672
703614
119067
656317
312267
710960
438485
417273
718512
716595
590801
763833
528300
661506
219982
877324
385796
433936
361419
268700
126054
198407
745224
876199
438150
879124
577974
9257
253522
249194
275752
44055
526057
749078
239698
744924
755154
42753
983987
895612
757303
908715
188567
674401
789977
329555
661997
915690
601038
676867
376865
991668
285392
59482
976974
280861
7132
416086
298205
8896
351918
765827
368466
109943
804707
736427
370000
400089
268024
819303
4866
508511
469225
119491
509758
928575
283605
739030
21439
516686
760242
847396
923674
946782
504772
71322
249459
757423
423324
801007
952487
570099
952997
763141
506041
261289
782483
884453
930854
88050
609060
23474
541882
442159
930838
60210
48943
597169
694944
135374
834988
20800
744905
492809
600707
184632
274106
823615
898293
263500
793156
309822
425426
728771
98857
410365
928953
158706
745426
116480
306562
138187
101126
874345
812308
125734
890386
608252
575184
424942
590445
534137
58388
649853
472896
473795
111951
576730
604226
523982
164679
167688
832926
42655
422377
928421
963367
103213
619896
892180
245427
736296
303069
196417
42808
18987
345454
159084
364603
654196
938963
545099
28189
351289
632496
388769
733494
249441
317785
924004
386936
12133
137546
914958
314826
803625
651085
735156
166142
638038
235981
465786
892366
268735
436087
694741
606255
317162
213322
807806
413266
647637
639522
457534
955318
309097
367469
74262
89585
341912
882174
559617
702793
935427
972882
636056
87754
806865
620843
208040
122046
363016
546746
248916
253725
584159
595929
410789
720416
927534
359759
253323
416360
352155
880234
168637
71860
792560
104443
659086
97017
589436
939056
512237
127112
732644
612843
379738
205035
516542
853663
308202
359762
117939
365934
907811
792528
881790
218116
577590
895214
155474
910428
966882
755164
214131
492491
278767
690526
18922
588645
3336
386268
691631
29963
143019
273351
145966
793085
646226
159386
118497
195315
550439
693153
813078
332832
414982
397434
487272
968288
181540
364409
799311
726783
978342
368216
791766
124455
248404
116369
900665
691254
145065
123400
393991
870176
725094
523272
541034
988125
6142
524904
891598
416353
151744
373225
610447
526461
827801
693113
309960
295714
832649
275247
17268
994741
52972
565010
988239
531219
605231
433286
128897
998213
287467
535748
539461
409535
59921
228193
605728
735797
855326
913520
854066
34872
611745
576747
24167
714850
262284
870685
78177
8967
795218
897022
277725
363804
449857
774654
526983
536409
908417
290821
73360
375504
688613
22895
711510
4028
618592
721615
792506
541494
672398
302879
191453
7362
155981
503059
865777
912046
181251
506663
577332
714431
113197
605239
880069
645840
256473
373601
153595
865605
237505
559035
882286
297711
629768
791547
98630
875142
339473
707364
981666
207400
67829
511605
895811
302315
862507
775899
890203
424218
846830
912595
423009
366371
270118
747944
329064
428530
580221
773885
508045
395532
87480
207755
467119
446888
330973
974976
957748
786466
815620
927333
660590
153752
870473
234830
424134
221413
260776
584674
370722
65517
262819
789739
639496
4736
105759
108008
758825
397352
707577
366001
611282
883668
41409
993105
569706
545676
409407
135608
400800
994176
269093
959256
712309
604295
70366
542037
23637
226289
610804
694563
509550
287596
698768
915663
97806
37158
723104
560146
14882
661192
670469
248351
28572
192006
633951
555438
205985
146021
812900
46874
140108
16691
173001
690526
985325
544703
450059
518280
543619
222917
623008
970490
287254
177743
404434
346119
403631
727022
711929
628071
276943
471614
68060
425777
574837
611508
107660
984237
744532
146943
474319
47299
719037
422310
868585
318166
839431
82223
568450
100459
960971
45264
334154
133018
427127
721132
759990
103012
35915
31518
483622
190044
681292
67480
914241
704721
701428
815160
500797
674867
623508
266290
479866
115556
94528
954800
269536
261171
134064
523562
929275
504269
735186
912722
450943
259944
676651
874031
340434
514080
293397
765275
181259
467476
109561
342506
674840
254760
928514
63735
317731
267097
922622
97868
604815
811598
91715
895855
885510
267573
130389
450192
9048
647765
740270
720610
595555
287213
38677
285423
303675
132751
663750
67619
775509
99499
998890
307888
867070
424968
701209
596952
5996
115901
555106
938116
499972
756256
807756
548031
819972
632601
973065
370397
410053
440489
412382
308236
513057
778047
920170
631777
72021
98324
390274
455039
348939
225752
103631
720405
372877
707927
558907
871837
56891
718701
146761
163253
855816
799663
404710
398968
671546
439420
476565
262632
975228
224469
869383
323856
416241
591071
155777
894175
158212
981139
398710
486541
717327
890656
243845
960583
58235
132847
529292
86623
971827
900844
806037
899720
977326
5640
82775
185646
298727
945595
153124
5394
776910
220377
27943
561680
745710
372374
205244
82436
271477
728517
824031
347971
42965
826346
815751
83992
560356
831140
803980
786169
47747
564578
377209
412795
513210
176171
125224
310212
143495
126261
451843
380161
483168
160347
279695
46626
900176
114277
983258
666036
143639
133029
613265
275723
309705
32082
620336
247510
474400
820510
361936
378817
961685
130426
583259
502530
26642
833691
486230
381392
27931
439518
106481
388163
936359
42558
558844
893481
949469
524300
795945
744746
118553
385503
108609
985389
98177
581506
5186
783287
986867
803019
510108
845171
937557
461236
367573
355163
752501
903073
785915
529171
84105
391851
119694
696325
444910
315511
104105
349897
85538
437322
809146
267133
732384
660046
172748
520981
470695
587638
626689
179078
184974
535386
29659
885794
232089
401214
486598
698383
145984
570414
981859
967536
486160
278972
759781
884733
814185
181356
899547
575790
565901
812813
538109
587969
558116
372675
203101
767194
956658
942356
560142
602480
454507
769285
807110
770336
762547
567430
732870
406802
915456
719521
738016
417262
274188
596141
318658
216735
597712
441980
39945
921014
538629
165616
663217
769477
447274
894902
921192
792938
635733
97824
629642
882361
585681
300559
99951
541382
9675
947628
379331
774041
858009
741657
5981
168561
272201
885877
89964
996845
860793
169169
502847
593229
417442
144188
927459
906114
106912
889477
590336
524759
63138
22292
854426
638002
894000
331367
235270
624074
359944
333732
453636
499595
883844
900283
556448
971894
897900
355640
782983
952680
90713
517091
822768
855929
507056
501506
786072
65153
621248
372192
130546
431234
663743
400170
900747
919673
686580
84258
215999
4273
160364
620303
98083
207068
814922
46433
124346
746243
915748
491936
767080
200325
756942
57176
988718
60613
601579
119844
406636
681288
442584
122171
23755
630350
262434
561607
424836
444756
781483
469018
838515
700834
95005
950198
687920
324115
374949
609478
771135
783827
175789
316013
784442
758839
510222
254462
97071
377728
823633
444983
991839
410578
637350
456732
114133
416257
112560
476358
822155
324327
609773
70473
792958
510490
674358
780191
176049
437765
586426
923980
29818
30998
241134
143715
832188
842745
420628
563246
663698
472828
824398
548244
364509
847611
613108
679244
937770
372726
400542
230880
916627
796940
55825
485020
572596
831633
44776
951077
831878
641024
37494
65766
700267
700288
475975
749625
62767
61966
842704
334827
399505
145761
524157
452248
586404
157021
915072
826652
321844
175456
68095
43573
61943
857793
319032
933528
172577
723146
950318
871945
314623
519333
217318
529130
98928
303180
933871
837806
126461
122363
289361
940530
299091
131010
228178
297858
385362
558424
868754
464525
586028
744958
959593
733275
895076
488392
999302
59107
954248
397990
878599
789882
971548
974260
434154
600383
122087
429215
320815
888458
216447
815372
306812
149920
48322
866120
776172
299804
848312
641486
737482
894743
38464
915474
462339
815545
33614
503635
321826
637885
248200
525755
380488
862792
431918
392094
75215
227408
504884
159521
936428
12974
243278
406655
77436
276950
677776
423972
267187
40800
749571
301681
216597
646617
340701
956253
775980
43992
735229
976192
586
297780
114865
587707
633580
856917
739544
32235
566402
637641
747701
644804
164772
721027
720247
43952
704740
257379
346193
818102
88949
13149
496935
859802
696272
237184
446372
223235
298903
951637
475912
872261
56517
433921
376196
389307
163034
291176
299675
448338
731341
688528
159558
387243
860718
464476
985828
891371
578049
300900
263188
710833
180958
407306
922209
323546
904037
442528
213528
113511
262117
401287
731517
144196
941933
492399
522508
238354
301171
192059
545889
328893
627670
713470
378893
19381
689789
983104
525101
325636
234387
322562
384098
806045
351498
44458
916925
622638
292345
171054
842509
419645
441961
243983
579399
657376
604661
231923
963475
605305
41700
482873
714856
497421
20885
944882
583688
834555
80042
909048
126879
65291
585738
20061
468388
908764
905958
8311
381617
902220
667015
62879
502109
252725
451943
407502
447259
89828
51751
940127
348540
811085
573981
372189
57763
525427
959814
181226
117934
472531
357936
91834
618773
966035
54962
597894
133033
856467
597898
659037
480623
865201
831667
980579
280024
375029
453132
910340
419013
409932
67823
303325
470749
994993
102265
869732
893033
557660
432347
685530
224622
8991
860583
575834
811184
102048
758941
816463
944084
659743
426531
491427
596949
606178
528982
589296
82459
669459
326946
234544
210564
11384
602152
613504
995327
810507
92933
303433
432733
956672
671397
854721
650344
609686
425449
809705
965534
165853
466923
133062
965462
472188
120465
325608
654815
501065
576358
43420
67006
545528
701196
708495
156348
991669
229107
772335
261605
274831
593618
622565
252244
38834
510154
291148
966877
174709
70825
739757
802630
679831
519759
516824
496019
346367
369797
750168
206317
637051
835930
810335
40573
524254
615440
73687
201390
943825
286688
131435
299345
514155
520039
63094
695308
875021
696551
450457
336282
942920
137088
548704
289503
376743
734249
323458
878980
636664
867238
300852
875103
672498
888349
526000
817505
181371
137314
218116
819483
169009
583948
10829
941465
406982
258771
364420
839257
498858
749920
522763
836534
587861
434956
427521
842796
329797
803263
678475
410660
19697
384756
867201
523475
946854
494394
978863
733968
318130
492531
48789
955312
592399
13728
376916
216551
228263
933930
379544
538751
360861
198903
371256
890528
839417
596440
585354
880878
333272
337892
774459
181255
470424
158732
949570
221313
894516
379244
782646
73433
575198
498927
499710
167006
405159
226738
934313
228432
25617
241171
872346
760618
368297
110840
810550
826242
496381
594116
242179
90022
258717
304685
120599
13962
628676
42198
730308
762595
484359
972661
235070
650937
569601
492047
447250
746092
798723
871946
246670
372439
301308
840793
286009
588878
978293
136993
397387
101388
352327
89496
886712
467895
733795
831905
757171
836702
780828
200989
154809
167477
785476
516114
368404
309872
996770
217882
975173
75798
138535
513363
784885
114490
90452
59228
837226
191676
841103
394604
890312
387411
228551
606325
243699
227221
37109
701876
949543
887234
915127
485939
36133
832077
883546
620888
514934
617322
944413
689129
81670
736137
872145
7654
985894
248942
290505
794361
368352
492391
494778
91693
924697
126383
564283
163753
32663
737251
658636
580953
125022
76904
440483
206602
65462
219380
26756
265697
417658
478781
241464
948458
989789
39740
211045
935179
605729
128357
155010
641070
166619
729253
825469
634758
667681
575000
615767
910563
871056
407580
682356
303205
373573
856722
850353
563555
911531
153191
719254
339808
809660
667043
876562
475395
769576
742532
437521
307939
709691
700539
427761
926184
655105
15444
517982
891193
860399
666856
84804
464010
735196
261465
581374
438705
472324
547965
247061
157492
7780
861385
759182
219132
906959
131378
223948
10964
922573
255259
111190
223828
986288
240946
719922
73930
143253
104937
155367
462430
830357
903636
535790
551374
490955
409291
521394
95820
23038
375886
18021
799861
273306
779083
75510
910429
998451
624401
99119
515480
839711
639199
966394
614406
710830
161905
921104
935142
852367
2892
401239
868602
655621
224259
407721
289544
522297
512477
441225
827065
68507
613772
676317
723149
97735
120341
825517
747183
963081
270935
890137
521673
487808
903761
996393
863429
634577
622287
373130
30950
507988
473088
517443
161803
5715
254588
996925
193448
757255
176359
312820
961779
897849
259570
126809
25181
324298
112276
214893
81001
719213
978719
9472
134121
934654
304287
59598
940590
738174
295235
431826
554363
74397
462102
214709
628413
322591
43132
720768
146626
570847
905032
391622
38394
64116
394064
627754
662
529423
352147
91255
827473
10648
100573
678901
70686
620848
621265
200750
665848
753005
577279
278476
520718
22597
937532
902731
245630
571991
440255
18961
531230
289723
117047
409499
29215
743586
180988
385633
518267
680936
508581
325465
87811
424916
621913
829440
357353
910954
561028
438654
298664
722749
150941
14430
937479
510230
563118
898347
